1               1500.000 50000.0006944180222    0.392               -0.00055
1               1500.000 50000.0020833004378    0.409               -0.00065
1               1500.000 50000.0034722163260    0.409               -0.00022
1               1500.000 50000.0048611322128    0.383                0.00024
1               1500.000 50000.0062500146412    0.392                0.00068
1               1500.000 50000.0076388635979    0.399               -0.00025
1               1500.000 50000.0090277460445    0.397               -0.00047
1               1500.000 50000.0104166954451    0.396                0.00097
1               1500.000 50000.0118055444261    0.385                0.00023
1               1500.000 50000.0131944268867    0.402                0.00003
1               1500.000 50000.0006944514997    0.403                0.00081
1               1500.000 50000.0020833004297    0.405                0.00036
1               1500.000 50000.0034722163260    0.400               -0.00022
1               1500.000 50000.0048611322135    0.400                0.00129
1               1500.000 50000.0062499811641    0.398                0.00073
1               1500.000 50000.0076388970772    0.386                0.00024
1               1500.000 50000.0090277460387    0.390               -0.00036
1               1500.000 50000.0104166619702    0.399                0.00049
1               1500.000 50000.0118055444306    0.397               -0.00134
1               1500.000 50000.0131944268850    0.389                0.00083
1               1500.000 50000.0006944180210    0.396               -0.00051
1               1500.000 50000.0020833339022    0.391                0.00025
1               1500.000 50000.0034722497919    0.393                0.00112
1               1500.000 50000.0048610987405    0.402                0.00070
1               1500.000 50000.0062500146348    0.390                0.00074
1               1500.000 50000.0076388635966    0.409                0.00031
1               1500.000 50000.0090277795043    0.382                0.00012
1               1500.000 50000.0104166954467    0.409                0.00032
1               1500.000 50000.0118055444227    0.397                0.00084
1               1500.000 50000.0131944603602    0.390                0.00046
1               1409.132 50000.0006944492861    0.395               -0.00004
1               1409.401 50000.0020833313585    0.391               -0.00048
1               1410.439 50000.0034722460308    0.403               -0.00082
1               1405.539 50000.0048611007915    0.401                0.00001
1               1410.002 50000.0062500113920    0.403                0.00065
1               1411.610 50000.0076388919193    0.388                0.00025
1               1411.139 50000.0090277749186    0.390                0.00033
1               1413.665 50000.0104166878744    0.388                0.00036
1               1409.816 50000.0118055748817    0.392               -0.00091
1               1412.674 50000.0131944539581    0.391                0.00039
1               1409.276 50000.0006944491093    0.386               -0.00010
1               1412.327 50000.0020833279060    0.392                0.00011
1               1408.636 50000.0034722481656    0.414                0.00065
1               1408.829 50000.0048611303612    0.400                0.00042
1               1409.784 50000.0062500116537    0.387                0.00114
1               1413.522 50000.0076388896697    0.410                0.00037
1               1410.057 50000.0090277761987    0.394                0.00091
1               1410.632 50000.0104166914538    0.402               -0.00005
1               1411.257 50000.0118055731654    0.389               -0.00044
1               1411.303 50000.0131944555718    0.394                0.00063
1               1409.659 50000.0006944486545    0.389                0.00128
1               1410.080 50000.0020833305629    0.392                0.00026
1               1410.237 50000.0034722462699    0.393                0.00093
1               1409.979 50000.0048611289985    0.394                0.00092
1               1408.865 50000.0062500127423    0.389                0.00091
1               1412.685 50000.0076388906577    0.383                0.00072
1               1411.072 50000.0090277750100    0.397                0.00042
1               1413.020 50000.0104166886338    0.407                0.00065
1               1413.488 50000.0118055705422    0.405                0.00057
1               1410.507 50000.0131944565273    0.388               -0.00009
1               1500.000 50000.0006944514991    0.399                0.00025
1               1500.000 50000.0020833004290    0.379               -0.00028
1               1500.000 50000.0034722497941    0.389                0.00062
1               1500.000 50000.0048610987400    0.393               -0.00011
1               1500.000 50000.0062500146444    0.407                0.00085
1               1500.000 50000.0076388635980    0.382               -0.00016
1               1500.000 50000.0090277795135    0.403               -0.00028
1               1500.000 50000.0104166954452    0.386               -0.00024
1               1500.000 50000.0118055444271    0.399               -0.00059
1               1500.000 50000.0131944603588    0.386               -0.00051
1               1500.000 50000.0006944180202    0.399               -0.00074
1               1500.000 50000.0020833004271    0.395                0.00043
1               1500.000 50000.0034722497952    0.401                0.00060
1               1500.000 50000.0048610987537    0.396               -0.00002
1               1500.000 50000.0062499811676    0.409               -0.00080
1               1500.000 50000.0076388970705    0.395               -0.00079
1               1500.000 50000.0090277795096    0.387                0.00061
1               1500.000 50000.0104166954460    0.393               -0.00002
1               1500.000 50000.0118055444240    0.394                0.00045
1               1500.000 50000.0131944603634    0.400                0.00000
1               1500.000 50000.0006944514985    0.385                0.00029
1               1500.000 50000.0020833339024    0.385                0.00062
1               1500.000 50000.0034722163243    0.388               -0.00059
1               1500.000 50000.0048610987394    0.410                0.00095
1               1500.000 50000.0062499811655    0.393               -0.00040
1               1500.000 50000.0076388970770    0.399               -0.00087
1               1500.000 50000.0090277460375    0.388                0.00006
1               1500.000 50000.0104166954399    0.394               -0.00010
1               1500.000 50000.0118055444318    0.392               -0.00062
1               1500.000 50000.0131944268971    0.395               -0.00016
1               1500.000 50000.0006943175598    0.413                0.00180
1               1500.000 50000.0020831999700    0.402                0.00109
1               1500.000 50000.0034721158787    0.388               -0.00037
1               1500.000 50000.0048609982949    0.396                0.00006
1               1500.000 50000.0062498807076    0.397                0.00048
1               1500.000 50000.0076387631522    0.390                0.00027
1               1500.000 50000.0090276455896    0.401                0.00008
1               1500.000 50000.0104165615260    0.401                0.00064
1               1500.000 50000.0118054439713    0.386                0.00040
1               1500.000 50000.0131943264334    0.400                0.00128
1               1500.000 50000.0006943175709    0.402                0.00036
1               1500.000 50000.0020831999729    0.395                0.00034
1               1500.000 50000.0034721158719    0.395                0.00004
1               1500.000 50000.0048609982910    0.406                0.00041
1               1500.000 50000.0062498807084    0.387                0.00074
1               1500.000 50000.0076387631619    0.393               -0.00111
1               1500.000 50000.0090276455889    0.415                0.00044
1               1500.000 50000.0104165615223    0.394                0.00004
1               1500.000 50000.0118054439736    0.403                0.00071
1               1500.000 50000.0131943264315    0.392                0.00210
1               1500.000 50000.0006943175722    0.392                0.00112
1               1500.000 50000.0020831999814    0.391                0.00092
1               1500.000 50000.0034721158770    0.401               -0.00014
1               1500.000 50000.0048609982871    0.396                0.00078
1               1500.000 50000.0062498807219    0.395               -0.00005
1               1500.000 50000.0076387631470    0.392                0.00217
1               1500.000 50000.0090276455885    0.394                0.00058
1               1500.000 50000.0104165615273    0.401                0.00076
1               1500.000 50000.0118054439741    0.394                0.00014
1               1500.000 50000.0131943264291    0.408                0.00094
